image: /home/akn13013/catkin_ws/src/UNICORN/unicorn_slam/maps/hector_map.pgm
resolution: 0.050000
origin: [-100.024994, -100.024994, 0.000000]
negate: 0
occupied_thresh: 0.65
free_thresh: 0.196

