image: karto_map.pgm
resolution: 0.100000
origin: [-10.530652, -9.836814, -nan]
negate: 0
occupied_thresh: 0.65
free_thresh: 0.196

