image: karto_map2.pgm
resolution: 0.010000
origin: [-26.499995, -28.058659, -nan]
negate: 0
occupied_thresh: 0.65
free_thresh: 0.196

